0.0197301941613 0.0659465988477 -0.000348577353482
0.020225327462 0.0675917168458 -0.000368750537746
0.0213203007976 0.0712074885766 -0.000356431157949
0.0222602958481 0.07435417672 -0.000377651847278
0.0219461470842 0.0727882335583 -0.000426794751547
0.022257698079 0.0755396336317 -0.000369026054007
0.0217132816712 0.0736921578646 -0.000359283061698
0.0211010749141 0.0716151545445 -0.000324864153905
0.0210920621951 0.0703807373842 -0.000348510065426
0.0210920621951 0.0703807373842 -0.000348510065426
0.0219258243839 0.0752783815066 -0.000371886300854
0.0282135556142 0.0959720710913 1.95016060995e-05
-0.00208034909641 0.0744966119528 0.000648567996298
-0.0161270213624 0.0954731802146 -0.00508140182743
0.0212293912967 0.071935514609 -0.000381628711087
0.017383451884 0.171787271897 -0.00559365318622
0.0212293912967 0.071935514609 -0.000381628711087
-0.0994696219762 0.322400649389 -0.0201392496626
0.0306965137521 0.0960347652435 -4.04464929791e-05
0.107863565286 0.207996110121 -0.00688058634599
-0.00938823757072 0.0570590396722 0.00246373238042
-0.00938823757072 0.0570590396722 0.00246373238042
0.0234766428669 0.0679354866346 0.000644739329194
0.0273700902859 0.0820727099975 0.000335665419698
0.0471954122186 0.158223221699 -0.000812512046347
-0.00206815684214 0.082878023386 0.000929942665001
0.0240454624097 0.0809913575649 -0.000444584332096
-0.00446294589589 0.0845303634803 0.000678738035883
0.0258516495426 0.0870907306671 -0.000455717633789
0.025637122492 0.0855171481768 -0.000295089092106
-0.0378274147709 0.0926601390044 -0.00126277958043
0.0258502836029 0.0862244864305 -0.000299415880969
0.0270022998254 0.0899961094062 -0.000443476446283
0.0643716603518 0.196347425381 0.000357585086022
0.0259781132142 0.0870172977448 -0.000470705834838
0.0516384368141 0.173475493987 -0.000926431889335
0.0258736809095 0.0866788228353 -0.000464617313507
0.0253923585018 0.0855747163296 -0.000426548610752
0.0255317091942 0.0855413575967 -0.00044918328058
0.0253923585018 0.0855747163296 -0.000426548610752
0.050558462739 0.169686963161 -0.000868161402953
0.025184897085 0.0848238766193 -0.000421793044855
0.0254153683782 0.0850393871466 -0.000435333388547
0.0254153683782 0.0850393871466 -0.000435333388547
0.0506537606319 0.170068611701 -0.000841021498976
-0.0374679192901 0.0918368597825 -0.00212794945886
0.0256337250272 0.0857409139474 -0.00053270556964
-0.0393207247059 0.0951323310534 -0.00188723066822
0.0259004135927 0.0866685807705 -0.000448140044076
0.0259004135927 0.0866685807705 -0.000448140044076
0.0259004135927 0.0866685807705 -0.000448140044076
0.0257679745555 0.0867743690809 -0.000422178806427
0.0257679745555 0.0867743690809 -0.000422178806427
-0.0355816110969 0.0871920784314 -0.00355935717622
0.0270193119844 0.0903839766979 -0.000486630558347
0.026988496383 0.0909361342589 -0.000460649530093
0.0317613432805 0.094789981842 -0.00356361735612
-0.0397203067938 0.0966556866964 -0.0022555203177
0.0173509779076 0.0659756859144 -0.00321386723469
-0.0766576454043 0.189032723506 -0.00678769374887
0.0014405992503 0.0617555032174 -0.00309998448938
0.0317613432805 0.094789981842 -0.00356361735612
0.0316522568464 0.096263885498 -0.00316766742617
-0.0383180876573 0.094482511282 -0.00343689974397
-0.0187223702669 0.0783717036247 -0.00347380029658
0.0287599414587 0.0959888398647 -0.000523369604101
0.056923126181 0.190806706746 -0.00101947485625
0.0293832967679 0.0981314579646 -0.000548284927694
-0.0410173858205 0.103475878636 8.96878579321e-05
0.0293832967679 0.0981314579646 -0.000548284927694
0.0339228684704 0.102879613638 -0.00341682974249
0.0354398911198 0.108203887939 0.00024714297615
0.117262383302 0.251993397872 -0.00870514598986
0.103363434474 0.391267816226 -0.0220868860682
0.0931326846282 0.350744644801 -0.0206358234088
0.103363434474 0.391267816226 -0.0220868860682
0.21145199736 0.561599632104 -0.0301157925278
0.103453417619 0.375019749006 -0.0187424297134
0.0927192072074 0.199035445849 -0.00731949384014
0.0923564036687 0.197296877702 -0.00728576382001
0.110768894355 0.180201212565 -0.00823621327678
0.107927719752 0.389040231705 -0.0192350409925
0.101501107216 0.37134706974 -0.0184297971427
0.197211851676 0.366466204325 -0.0150471460074
0.105292578538 0.171231945356 -0.0077800018092
0.105292578538 0.171231945356 -0.0077800018092
0.104178875685 0.169330457846 -0.00766059197485
0.104178875685 0.169330457846 -0.00766059197485
0.102764199177 0.167004744212 -0.0075572412461
0.102764199177 0.167004744212 -0.0075572412461
0.102764199177 0.167004744212 -0.0075572412461
0.102764199177 0.167004744212 -0.0075572412461
0.102764199177 0.167004744212 -0.0075572412461
0.101015756528 0.164257258177 -0.00743130221963
0.101015756528 0.164257258177 -0.00743130221963
0.101015756528 0.164257258177 -0.00743130221963
0.191738466422 0.521766076485 -0.0255783759058
0.100825339556 0.163906097412 -0.00740187801421
0.100430419048 0.163338879744 -0.00739136897027
0.100430419048 0.163338879744 -0.00739136897027
0.0998568534851 0.16240516305 -0.0073473919183
0.0998568534851 0.16240516305 -0.0073473919183
0.0998568534851 0.16240516305 -0.0073473919183
0.0901895463467 0.339560985565 -0.019962027669
0.0603701720635 0.230236967405 -0.0118639171124
0.0603701720635 0.230236967405 -0.0118639171124
0.0603074083726 0.229999959469 -0.0118455352883
0.0603074083726 0.229999959469 -0.0118455352883
0.0603074083726 0.229999959469 -0.0118455352883
0.0603074083726 0.229999959469 -0.0118455352883
0.0996115406354 0.16204721729 -0.00732251629233
0.0901753008366 0.339470505714 -0.0199464273949
0.0603300184011 0.230085949103 -0.0118512374659
0.0998582144578 0.162412554026 -0.00732712820172
0.189971059561 0.501749883095 -0.0272642026345
0.189971059561 0.501749883095 -0.0272642026345
0.0899511476358 0.338646292686 -0.0198946644862
0.0899511476358 0.338646292686 -0.0198946644862
0.0899511476358 0.338646292686 -0.0198946644862
0.0898322264353 0.33816409111 -0.0198620396356
0.0898322264353 0.33816409111 -0.0198620396356
0.0898489058018 0.338215947151 -0.0198742710054
0.0898489058018 0.338215947151 -0.0198742710054
0.0898489058018 0.338215947151 -0.0198742710054
0.0898489058018 0.338215947151 -0.0198742710054
0.0898489058018 0.338215947151 -0.0198742710054
0.0898076693217 0.338078300158 -0.0198631299039
0.089800854524 0.338055491447 -0.019859286646
0.089800854524 0.338055491447 -0.019859286646
0.089800854524 0.338055491447 -0.019859286646
0.089800854524 0.338055491447 -0.019859286646
0.0683649132649 0.261914432049 -0.0138619119922
0.0683492173751 0.261867185434 -0.0138597463568
0.068328311046 0.261769672235 -0.0138553927342
0.068328311046 0.261769672235 -0.0138553927342
0.068328311046 0.261769672235 -0.0138553927342
0.068328311046 0.261769672235 -0.0138553927342
0.098626067241 0.160466482242 -0.00721226570507
0.0987476507823 0.160645435254 -0.00722188875079
0.0987476507823 0.160645435254 -0.00722188875079
0.0987476507823 0.160645435254 -0.00722188875079
0.0987476507823 0.160645435254 -0.00722188875079
0.0988264183203 0.160775740941 -0.00722633798917
0.0988264183203 0.160775740941 -0.00722633798917
0.0988264183203 0.160775740941 -0.00722633798917
0.0988264183203 0.160775740941 -0.00722633798917
0.0988264183203 0.160775740941 -0.00722633798917
0.0988264183203 0.160775740941 -0.00722633798917
0.0683189431826 0.261767705282 -0.0138569337626
0.0683260510365 0.261769692103 -0.0138571001589
0.0683260510365 0.261769692103 -0.0138571001589
0.0683260510365 0.261769692103 -0.0138571001589
0.0683260510365 0.261769692103 -0.0138571001589
0.0683260510365 0.261769692103 -0.0138571001589

