0.0199121013284 0.290346304576 0.00579808652401
0.0305394257108 0.0664868007104 -0.0121839220325
0.0305394257108 0.0664868007104 -0.0121839220325
0.116815328598 0.394072532654 0.0432275633017
0.12172066172 0.404449144999 0.0374065861106
0.187244991461 0.410054087639 0.0179737744232
0.160591890415 0.409457206726 0.0107445605099
0.163980533679 0.416532675425 0.00895605857174
0.163980533679 0.416532675425 0.00895605857174
0.0214025378227 0.298472881317 0.0041560207804
0.125663886468 0.401455283165 0.00595821378132
0.125493139029 0.401019454002 0.00597802052895
0.121011624734 0.401907285055 0.000606698410896
0.0207509808242 0.295550783475 0.00413442558299
0.0214185540875 0.299205958843 0.00413969904184
0.0213738679886 0.299307028453 0.00419735194494
0.0213738679886 0.299307028453 0.00419735194494
0.0209425538778 0.298708617687 0.00412046567847
0.0179337685307 0.29457372427 0.0047383789594
0.0391019607584 0.597549200058 0.0100673862423
0.0390074414512 0.600855867068 0.00899720626573
0.042789923648 0.598121503989 0.00864301311473
0.0211519151926 0.29959599177 0.00459609739482
0.0182434159021 0.299654801687 0.00511428061873
0.0289406081041 0.31249320507 0.00498801593979
0.00342126221706 0.269229888916 0.00486850676437
0.0224349771937 0.301645656427 0.0043685020258
0.0203766922156 0.301040450732 0.00573378180464
0.0214270626505 0.302263140678 0.00586630714436
0.0263655185699 0.307555258274 0.00501282016436
0.0292802875241 0.31630696853 0.00483458147695
0.0330685675144 0.31945759058 0.00473326661934
0.0274561370413 0.311390082041 0.00499146586905
0.0274561370413 0.311390082041 0.00499146586905
0.123084276915 0.401546200116 0.00577566213906
0.123084276915 0.401546200116 0.00577566213906
0.123204261065 0.401998559634 0.00569046971699
0.0218969285488 0.295447210471 0.00310948987802
0.117730200291 0.406721790632 0.00532526647051
0.0193769410253 0.296569287777 0.00112268677913
0.115708013376 0.401293317477 0.00192875849704
0.115925461054 0.402137756348 0.00197559936593
0.0193950024744 0.29623657465 0.000877009006217
0.123003790776 0.404264847438 -0.000280197379955
0.123058915138 0.404397408168 -0.000263443818161
0.0172273814678 0.299094080925 0.00349280331284
0.0168304890394 0.296388765176 0.00319552514702
0.0176431598763 0.29581985871 0.00450977434715
0.0217980965972 0.295955280463 0.00404910712192
0.0195668811599 0.298340857029 0.0042261146009
0.0172149986029 0.299172143141 0.0035251347969
0.0172961627444 0.286331295967 0.00428678002208
0.037265834709 0.591630895933 0.00851712220659
0.0444125483433 0.596934616566 0.00811834850659
0.0175621124605 0.299580216408 0.0046290292715
0.0175929243366 0.300044337908 0.00478839501739
0.0175929243366 0.300044337908 0.00478839501739
0.0314975654085 0.316166639328 0.00516563467681
0.0190279806654 0.296869695187 0.00561168665687
0.0219320332011 0.29723695914 0.00628666393459
0.0206809913119 0.300680200259 0.00584335749348
0.0484208464622 0.352159380913 0.00733939620356
0.124645352364 0.404091199239 0.00776134245098
0.115199118853 0.400909860929 0.00478548680743
0.115199118853 0.400909860929 0.00478548680743
0.115466912587 0.40128215154 0.00434286519885
0.116596887509 0.40324195226 0.00411498670777
0.119798044364 0.412460843722 0.00227871506164
0.0192710657914 0.296073774497 0.000312700673627
0.0794157385826 0.126864095529 0.00116091415597
0.106830969453 0.24754362305 0.000431324685148
0.117830008268 0.40143040816 -0.00238493472959
0.115597228209 0.401318987211 0.00140988671531
0.0197826735675 0.296606520812 0.00122348762428
-0.173753341039 0.434224963188 0.00345274371405
0.016802508384 0.297851542632 0.00329049925009
0.0389006895324 0.597090105216 0.00846370340635
0.0219398140907 0.297928432624 0.00435623185088
-0.180295169353 0.431745529175 0.0113363762697
-0.166349271933 0.416819492976 0.0109835689267
0.0203791148961 0.299774050713 0.0050491001457
-0.160358286152 0.729046483835 0.0169489147762
0.0203791148961 0.299774050713 0.0050491001457
0.0187054760754 0.300211707751 0.00529178977013
0.02059041212 0.300334195296 0.00509102611492
0.037092315654 0.329330583413 0.00573001305262
0.037092315654 0.329330583413 0.00573001305262
0.037092315654 0.329330583413 0.00573001305262
0.037092315654 0.329330583413 0.00573001305262
0.0246090168754 0.305614789327 0.00535221894582
0.11583318313 0.402554988861 0.00604337081313
0.11583318313 0.402554988861 0.00604337081313
0.115762541691 0.402392506599 0.00616094407936
0.115762541691 0.402392506599 0.00616094407936
0.115762541691 0.402392506599 0.00616094407936
0.115978995959 0.402816971143 0.00634706827501
0.115474482377 0.401993830999 0.00421182842304
0.231453478336 0.804810802142 0.0105588966981
0.1160693566 0.403170148532 0.00634239738186
0.1160693566 0.403170148532 0.00634239738186
0.1160693566 0.403170148532 0.00634239738186
0.115460564693 0.401946822802 0.00417415890843
0.115460564693 0.401946822802 0.00417415890843
0.115460564693 0.401946822802 0.00417415890843
0.022431033353 0.297825117906 0.00315249804407
0.0194722165664 0.297300597032 0.00101953643995
0.0194722165664 0.297300597032 0.00101953643995
0.0194699453811 0.297369897366 0.00101215485483
0.0194699453811 0.297369897366 0.00101215485483
0.0224632695317 0.298186441263 0.00315259428074

