-0.038507156074 0.0975027754903 0.00488820718601
-0.00484318099916 0.176677882671 0.00170491938479
0.0172539371997 0.143325835466 0.00385197857395
-0.00737776095048 0.208830580115 -0.00305168796331
0.0150622017682 0.124219700694 0.00301156146452
-0.0985678881407 0.154405087233 0.00583782047033
-0.0124665768817 0.220867991447 -0.0370810553432
0.0460387766361 0.286855876446 -0.0257191434503
0.0412146113813 0.256451666355 -0.00265277805738
0.0383534617722 0.234962537885 -0.018083550036
0.0407346412539 0.251847714186 -0.0111408438534
0.0222081132233 0.229990839958 -0.00898712314665
-0.0502378456295 0.252458959818 -0.00474252318963
-0.0126433596015 0.249965682626 0.0457869656384
0.0441889725626 0.276269942522 -0.0116751966998
0.0452250652015 0.251704156399 0.00588777661324
0.0400532819331 0.249365448952 -0.00814894214272
0.0410342849791 0.253164321184 -0.0111838392913
0.0407131798565 0.251468330622 -0.0193016771227
0.0404499098659 0.250582158566 -0.00840527750552
0.040949922055 0.252737343311 -0.0112066632137
0.0404477752745 0.250599473715 -0.00840448122472
0.0404477752745 0.250599473715 -0.00840448122472
0.0422496721148 0.261625111103 -0.0113695962355
0.0167734585702 0.226942062378 -0.01313840691
0.039784245193 0.247090533376 -0.014934360981
-0.00239486899227 0.218226104975 -0.0139085575938
-0.0263279583305 0.25533041358 -0.0332014039159
-0.0313903018832 0.214073821902 -0.0114990836009
-0.0130670629442 0.045308124274 -0.00282022543252
-0.0212495103478 0.0575247257948 -0.000301917258184
0.0642911344767 0.255177289248 -0.00150870077778
0.0399253256619 0.247923448682 -0.00820452813059
-0.00330935884267 0.0325673818588 -0.00830624997616
-0.111380286515 0.247740551829 0.0122391534969
-0.00696878507733 0.217449337244 0.00803711637855
0.0393692962825 0.247158139944 -0.00530284736305
0.0407620035112 0.253912717104 -0.00250618625432
0.0405463092029 0.250702857971 -0.0110292015597
0.0392967537045 0.245184749365 -0.0136243747547
0.03936599195 0.247171089053 -0.00530224619433
0.0394087396562 0.246963113546 -0.0137127460912
0.0390505082905 0.248461291194 0.00104995630682
0.0394887253642 0.247551113367 -0.00529807433486
0.0196462832391 0.227748468518 -0.00376365473494
-0.0057413354516 0.216686815023 0.000579518266022
0.040746640414 0.253684878349 -0.00254815490916
0.0644597187638 0.255819678307 -0.00095915782731
0.0626548826694 0.250136852264 -0.000854417565279
0.0404025092721 0.251291632652 -0.00258411723189
0.0405387803912 0.246662631631 -0.00147721671965
0.0403933860362 0.251301109791 -0.00258797919378
0.0403553843498 0.25108858943 -0.00258647045121
0.0403401777148 0.250995695591 -0.00258779758587
0.0403401777148 0.250995695591 -0.00258779758587
0.0406157262623 0.252936780453 -0.00254527688958
0.0640731230378 0.254077494144 -0.00144441844895
0.0639728829265 0.253658235073 -0.00139835104346
0.040203075856 0.250162005424 -0.00248545291834
0.040203075856 0.250162005424 -0.00248545291834
0.040337767452 0.250983059406 -0.00249031675048
0.040390431881 0.251417189837 -0.00253385072574
0.0410804748535 0.252365678549 -0.00286683114246
0.0408297292888 0.251330763102 -0.00281590293162
0.0407647192478 0.250995993614 -0.00283821974881
0.0405774787068 0.249698728323 -0.00314155337401
0.0404915139079 0.249411150813 -0.0031605840195
0.0811696089804 0.500116482377 -0.00601881626062
0.0418108776212 0.252430021763 -0.00338848796673
0.0414392501116 0.251340329647 -0.00332265207544
0.0409478768706 0.25010240078 -0.00327112595551
0.0409478768706 0.25010240078 -0.00327112595551
0.0679652616382 0.496261954308 -0.00669356063008
0.0679652616382 0.496261954308 -0.00669356063008
